NumCams 1
NumFrames 556 
NumP 479
0 52
-0 -0 -0
1 0 0
0 1 0
0 0 1
0 50
0.916536 0.230999 -0.219032
0.943535 0.0191529 -0.330718
-0.066087 0.989143 -0.131261
0.324614 0.145706 0.934557
0 48
0.573179 0.0660119 -0.0604478
0.997819 0.0361816 -0.0552145
-0.0375956 0.998986 -0.0247894
0.0542616 0.0268111 0.998167
0 56
0.275995 0.026916 -0.0166801
0.95581 0.00858473 -0.293859
-0.00953002 0.999953 -0.00178504
0.29383 0.00450666 0.955847
0 47
0.637508 0.078001 -0.0181245
0.99754 0.0414053 0.056558
-0.0360471 0.995044 -0.0926778
-0.0601151 0.0904111 0.994089
0 60
-0.18588 0.231815 -0.0890271
0.94318 0.0116952 -0.332077
-0.0783403 0.979035 -0.188026
0.322916 0.203357 0.924322
0 58
-0.46526 0.231146 -0.0705091
0.999543 0.00866863 -0.0289655
-0.013759 0.983485 -0.180465
0.0269227 0.180781 0.983155
0 61
-0.423886 0.254776 -0.0982639
0.334229 -0.00564706 -0.942475
-0.216689 0.972734 -0.0826723
0.917244 0.231855 0.323892
0 59
-0.206938 0.236969 -0.0835417
0.965528 -0.0137353 -0.259936
-0.0337375 0.98358 -0.177291
0.258103 0.179949 0.949211
0 55
0.315538 0.003146 -0.0384502
0.957927 -0.0174627 -0.28648
0.0320012 0.998422 0.0461452
0.285222 -0.0533714 0.956974
0 45
1.72292 0.027042 -0.0248895
0.970547 -0.016011 -0.24038
0.0297986 0.998105 0.0538329
0.239062 -0.0594104 0.969185
0 41
1.57559 0.27465 0.561724
0.86218 0.195756 0.467253
-0.0892337 0.966589 -0.240299
-0.498681 0.165486 0.850842
0 42
1.59606 0.279808 0.48942
0.902201 0.190044 0.38719
-0.0998759 0.965348 -0.241098
-0.419592 0.178848 0.889919
0 39
1.82108 0.0493816 0.992876
0.982219 0.105657 -0.155189
-0.102321 0.994318 0.0293473
0.157408 -0.0129463 0.987449
0 46
1.61768 0.0630364 -0.0249159
0.956555 -0.00211934 -0.291545
0.00150418 0.999996 -0.00233412
0.291549 0.00179417 0.956554
0 43
1.2579 0.0578615 -0.0419245
0.938253 0.176822 0.297346
-0.145818 0.981562 -0.123585
-0.313716 0.072596 0.946738
0 53
0.0109501 0.219561 -0.102454
0.996642 0.0345594 -0.0742283
-0.0442908 0.990026 -0.133741
0.0688659 0.13658 0.988232
0 62
-0.498212 -0.0699778 0.067959
0.287563 -0.129524 -0.948963
0.159584 0.983442 -0.0858716
0.944373 -0.126746 0.303472
0 40
1.51043 0.0288523 0.872749
0.954248 0.132591 0.268014
-0.132713 0.990996 -0.0177442
-0.267953 -0.0186366 0.963252
0 49
0.598584 0.235988 -0.186327
0.998799 0.00457336 -0.0487764
-0.0111605 0.990695 -0.135645
0.0477022 0.136027 0.989556
0 57
-0.46381 -0.0336299 0.0308562
0.999745 -0.0222127 -0.00417674
0.022292 0.999551 0.0200116
0.00373041 -0.0200996 0.999791
0 553
-2.01966 -0.0921683 -0.0295666
0.683964 -0.0948407 -0.723325
-0.0657527 0.979463 -0.1906
0.726547 0.177924 0.663681
0 552
-1.85057 -0.159689 -0.200892
0.487468 -0.0108943 -0.873073
-0.0556343 0.997503 -0.0435096
0.871367 0.0697824 0.485645
0 5
-2.04468 0.21514 0.320494
0.0652515 -0.0835552 -0.994364
-0.0727337 0.993439 -0.0882504
0.995215 0.0780823 0.0587462
0 7
-1.33727 0.0581602 1.21832
-0.118179 -0.124537 -0.985152
0.128425 0.981855 -0.139526
0.984653 -0.143007 -0.10004
0 4
-2.06762 0.15166 -0.122151
-0.232561 -0.0950097 -0.96793
-0.0291111 0.995451 -0.0907167
0.972146 0.00708033 -0.234269
0 2
-2.05358 -0.165319 -0.0373717
-0.0896503 -0.104684 -0.990456
0.11678 0.986496 -0.114836
0.989103 -0.125961 -0.0762146
0 63
-0.473961 -0.127223 -0.364827
-0.215227 -0.09124 -0.972292
0.215072 0.966752 -0.138329
0.952587 -0.238885 -0.188448
0 11
-0.618887 0.23101 1.66637
-0.0630325 -0.0971632 -0.993271
0.0855241 0.991063 -0.102375
0.99434 -0.0914016 -0.0541594
0 105
-0.939367 0.308622 3.17569
-0.040164 -0.128523 -0.990893
0.171723 0.97605 -0.133558
0.984326 -0.175523 -0.0171318
0 112
-1.12369 0.753534 3.42821
-0.215561 -0.124907 -0.968469
-0.0464265 0.991975 -0.117605
0.975386 0.0196115 -0.21963
0 109
-1.04371 0.763097 3.72777
0.0212554 -0.0768473 -0.996816
-0.0941253 0.992459 -0.0785185
0.995333 0.0954946 0.0138619
0 125
0.498048 0.449838 4.16054
-0.178081 -0.113757 -0.977418
0.252524 0.954748 -0.157127
0.951062 -0.274803 -0.141296
0 116
-0.87559 0.559229 4.24637
-0.193797 -0.0840388 -0.977435
0.153106 0.981525 -0.114747
0.969021 -0.171889 -0.17735
0 115
-0.883673 0.613838 4.56373
0.122278 -0.112373 -0.986114
0.0950264 0.990331 -0.101071
0.987936 -0.0813481 0.131774
0 122
0.238858 0.537735 4.13243
-0.941401 -0.016829 -0.336868
0.0701672 0.967132 -0.244402
0.329909 -0.253718 -0.909278
0 110
-1.04372 0.480893 3.81147
-0.00272715 -0.120508 -0.992709
0.171921 0.977875 -0.119179
0.985107 -0.170992 0.018051
0 149
-1.02318 0.309643 2.87093
-0.995021 -0.0223235 -0.0971328
0.00822575 0.952873 -0.303258
0.0993251 -0.302547 -0.947945
0 100
-1.03504 0.176957 1.7756
-0.99336 0.0965437 0.0625749
0.0719483 0.945714 -0.316935
-0.0897761 -0.310328 -0.946381
0 120
-0.453198 0.918885 4.01433
-0.99053 0.0143414 -0.136544
0.017595 0.999589 -0.0226518
0.136163 -0.0248397 -0.990375
0 102
-1.20488 0.107466 1.76298
-0.975571 0.0293747 0.217712
-0.0546775 0.927367 -0.370136
-0.212772 -0.372997 -0.903106
0 21
0.834102 0.276448 1.82476
-0.992776 0.0549061 -0.106686
0.0748926 0.978245 -0.193464
0.0937431 -0.200056 -0.975289
0 22
0.445886 0.272031 1.81154
-0.967094 0.101736 0.233192
0.0464965 0.971808 -0.231144
-0.250133 -0.212696 -0.94456
0 147
-1.10404 0.742787 3.88775
-0.997983 0.0263154 0.0577648
0.0182691 0.990589 -0.135643
-0.0607907 -0.134314 -0.989072
0 150
-1.40709 0.300852 2.86127
-0.965905 0.145866 0.213893
0.0440962 0.906793 -0.419265
-0.255113 -0.395538 -0.882308
0 154
-1.38142 0.117707 1.77727
-0.951601 0.0667509 0.299998
-0.0567981 0.921118 -0.385117
-0.302041 -0.383517 -0.872746
0 97
-0.102517 0.194729 1.77259
-0.986896 -0.00309697 -0.161328
0.0402694 0.963452 -0.264836
0.156252 -0.267862 -0.950702
0 159
-1.52245 0.339959 0.845902
-0.926568 0.115991 0.357795
0.0679011 0.987217 -0.144197
-0.369947 -0.109313 -0.9226
0 86
1.86858 0.390003 1.08531
-0.968835 0.08891 0.231201
0.0585246 0.989099 -0.135121
-0.240695 -0.117379 -0.963477
0 30
1.54948 0.00419781 0.542682
-0.975716 0.0659687 0.208869
0.00993578 0.965918 -0.258659
-0.218814 -0.250302 -0.943117
0 145
-0.399388 0.808465 4.08618
-0.982951 0.0157747 0.183189
-0.00897136 0.991012 -0.133476
-0.183648 -0.132844 -0.973974
0 142
1.56811 0.482543 3.94706
-0.999186 0.0395313 0.00808299
0.0332842 0.920762 -0.388703
-0.0228084 -0.388117 -0.921328
0 119
-0.709128 0.833372 4.09771
-0.956346 0.0121929 -0.291983
0.0408322 0.994904 -0.0921932
0.289371 -0.100091 -0.95197
0 27
1.71137 0.273532 1.57404
-0.97286 0.132204 0.189908
0.078671 0.960801 -0.265844
-0.217609 -0.243689 -0.945125
0 23
1.73595 0.542981 1.7339
-0.909992 0.0879424 -0.405191
0.0631843 0.995247 0.0741062
0.409782 0.0418344 -0.911224
0 80
1.8349 -0.0687123 0.28438
-0.958868 0.147239 0.242677
0.0555983 0.935807 -0.3481
-0.278353 -0.32029 -0.905502
0 160
-1.41262 0.256176 0.122337
-0.997741 0.0459545 -0.0490006
0.0460808 0.998937 -0.00144994
0.0488819 -0.00370464 -0.998798
0 162
-1.80369 0.24519 0.0215291
-0.876248 0.0562417 0.478567
0.0169278 0.996145 -0.0860735
-0.481563 -0.0673206 -0.873822
0 99
-1.00041 0.50997 1.7214
-0.996453 0.0653826 0.0529782
0.0638171 0.997489 -0.0307238
-0.054854 -0.0272339 -0.998123
0 157
-1.15299 0.0109669 0.931203
-0.998071 0.0620057 -0.00326812
0.060206 0.953543 -0.29518
-0.0151866 -0.294807 -0.955436
0 164
-1.79341 -0.236114 -0.760097
-0.991294 0.0361753 0.126602
-0.00378629 0.953288 -0.302039
-0.131615 -0.299889 -0.944852
0 169
-1.67896 0.150165 -1.02463
-0.0805542 -0.156794 -0.984341
-0.121685 0.98171 -0.146417
0.989295 0.107985 -0.0981604
0 163
-1.7926 0.199917 -0.736081
-0.995508 -0.0941047 -0.0103432
-0.0943698 0.995111 0.029144
0.00754997 0.0299893 -0.999522
0 90
1.01819 0.434435 1.64741
-0.964301 0.00715274 0.264713
-0.0482631 0.978145 -0.202244
-0.260374 -0.2078 -0.942881
0 95
-0.294682 0.443524 1.73277
-0.995781 0.026771 0.0877694
0.0202677 0.99704 -0.0741663
-0.0894951 -0.0720745 -0.993376
0 101
-0.780592 0.171938 1.81071
-0.980496 -0.0213484 -0.195376
0.0308349 0.965064 -0.260196
0.194105 -0.261145 -0.945583
0 83
2.16765 0.439121 0.989701
-0.999506 0.0305078 -0.00755978
0.0303169 0.999247 0.0242003
0.00829234 0.0239591 -0.999679
0 158
-1.49896 -0.00444768 0.99017
-0.91436 0.118031 0.387316
-0.0548435 0.911651 -0.407289
-0.40117 -0.393651 -0.827104
0 31
1.595 0.296382 0.522805
-0.978381 0.13969 0.152502
0.118438 0.982965 -0.140546
-0.169537 -0.119445 -0.978259
0 96
-0.327356 0.188713 1.71817
-0.988849 0.0878271 0.120266
0.0499791 0.956463 -0.287543
-0.140284 -0.278325 -0.950187
0 124
0.544122 0.510912 4.50619
0.0496119 -0.21002 -0.976438
0.161327 0.966488 -0.199684
0.985653 -0.147619 0.0818313
0 81
1.80837 0.253787 0.36423
-0.966846 0.139288 0.214026
0.0862765 0.967032 -0.239595
-0.240343 -0.213186 -0.946988
0 78
2.25899 0.236844 0.189829
-0.970917 0.00178629 -0.23941
0.00463244 0.999925 -0.011326
0.239372 -0.0121057 -0.970853
0 108
-1.02381 0.619951 2.84827
-0.242667 -0.0833405 -0.966523
0.0180359 0.995743 -0.0903883
0.969942 -0.0393664 -0.240131
0 18
-0.208998 0.509547 1.67204
-0.994304 0.0778884 -0.0727553
0.0802105 0.99634 -0.0295556
0.070187 -0.035223 -0.996912
0 13
-0.628004 0.245378 1.66002
-0.393318 -0.149012 -0.907246
0.138337 0.965953 -0.218628
0.908935 -0.211497 -0.359313
0 151
-1.37322 0.602068 2.27202
-0.985595 0.115348 0.123687
0.0989632 0.986391 -0.131301
-0.137149 -0.117169 -0.983596
0 91
0.367923 0.45752 1.67534
-0.977031 0.010934 0.212817
-0.0169076 0.991557 -0.128565
-0.212426 -0.129211 -0.968597
0 88
1.28533 0.090587 1.62169
-0.995081 0.053076 0.0836418
0.018948 0.93074 -0.36519
-0.0972316 -0.361809 -0.927168
0 166
-2.17192 0.0311978 -0.728756
-0.877054 0.0983053 0.470227
-0.0119535 0.974069 -0.225933
-0.480244 -0.203777 -0.853136
0 551
-1.8689 0.199652 -0.267887
0.516874 0.0164284 -0.855904
-0.365406 0.908392 -0.20323
0.774157 0.417797 0.475527
0 161
-1.37288 -0.0339353 0.0535619
-0.998365 0.0516137 -0.0245574
0.0556699 0.975452 -0.21306
0.0129578 -0.214079 -0.97673
0 153
-1.02158 0.133708 1.78131
-0.995136 0.0154344 -0.0972933
0.0443475 0.952099 -0.302557
0.087963 -0.3054 -0.948153
0 28
1.92883 0.159186 0.637037
-0.995857 0.0079937 -0.0905842
0.0186052 0.992968 -0.116915
0.0890124 -0.118116 -0.989002
0 156
-1.19991 0.343818 0.997083
-0.998638 -0.00695715 -0.0517036
-0.00225992 0.995907 -0.090358
0.0521206 -0.0901181 -0.994566
0 106
-0.956238 0.309451 3.16545
-0.0113409 -0.147413 -0.98901
0.178538 0.972882 -0.147056
0.983868 -0.178243 0.0152856
0 144
0.632863 0.793277 4.09593
-0.95664 0.0702553 0.282673
0.00780128 0.976307 -0.216249
-0.291169 -0.204667 -0.934522
0 143
1.5616 0.802205 3.92733
-0.995659 0.0868324 0.0335255
0.0823348 0.989607 -0.117896
-0.0434141 -0.114624 -0.99246
0 141
1.9635 0.557702 3.93036
-0.855719 -0.0536657 -0.51465
0.0307585 0.987573 -0.154123
0.516526 -0.147716 -0.843434
0 140
1.83503 0.911048 3.96093
-0.795545 -0.0589243 -0.603023
-0.148772 0.983788 0.100138
0.587346 0.169377 -0.791414
0 548
-2.11632 -0.213164 -0.642687
0.92884 0.179633 -0.324019
-0.20692 0.977 -0.0515233
0.307312 0.114903 0.944646
0 544
-1.96181 -0.331266 -1.35416
0.97676 0.211261 0.0361749
-0.205034 0.970147 -0.129525
-0.0624585 0.119098 0.990916
0 542
-1.37841 -0.0956294 -1.90733
0.986129 0.165792 0.00787437
-0.145977 0.888898 -0.434226
-0.0789905 0.427053 0.90077
0 540
-1.68493 -0.445118 -2.08551
0.836254 0.187248 0.51538
-0.0742994 0.969914 -0.231832
-0.543285 0.155578 0.825007
0 539
-1.68098 -0.136451 -2.23889
0.819405 0.211209 0.532885
0.0842955 0.875136 -0.476478
-0.566983 0.435348 0.699286
0 549
-2.16351 0.111108 -0.709324
0.950716 0.155024 -0.268528
-0.242418 0.911598 -0.331999
0.193321 0.380733 0.904251
0 14
-0.2768 0.528913 1.47495
-0.951914 -0.0293915 -0.304953
-0.0227266 0.999419 -0.0253831
0.305521 -0.017232 -0.952029
0 165
-2.17781 -0.250662 -0.672186
-0.869077 0.0704851 0.489629
-0.129613 0.922771 -0.362898
-0.477394 -0.378849 -0.792823
0 12
-0.692326 0.323809 2.04561
0.286444 -0.160406 -0.944574
0.0525549 0.987032 -0.151679
0.956655 -0.00619453 0.291159
0 113
-1.07719 0.806396 3.48243
-0.237041 -0.128818 -0.962921
-0.131459 0.986307 -0.0995858
0.962564 0.102979 -0.25073
0 98
-0.536752 0.526708 1.69535
-0.995578 0.0237645 0.0908782
0.0139741 0.994173 -0.106888
-0.0928888 -0.105145 -0.990109
0 152
-1.41644 0.563511 2.0825
-0.981332 0.139612 0.132273
0.124631 0.985458 -0.115499
-0.146474 -0.096857 -0.984461
0 545
-1.99752 0.0211916 -1.33672
0.981187 0.192239 0.0177988
-0.163884 0.878087 -0.449561
-0.102052 0.438186 0.893072
0 6
-1.42467 0.316636 1.15905
0.0579932 -0.124853 -0.990479
-0.0783112 0.988523 -0.129191
0.995241 0.0850578 0.0475502
0 19
0.668859 0.584782 1.75946
-0.862526 0.0423197 -0.50424
0.00947073 0.997672 0.0675321
0.505925 0.0534726 -0.860919
0 541
-1.30043 -0.408367 -1.92361
0.977716 0.206004 0.0404103
-0.200164 0.972826 -0.11638
-0.063287 0.105698 0.992382
0 64
-0.508922 0.129076 -0.377197
-0.171663 -0.0644312 -0.983047
0.0278248 0.997144 -0.0702141
0.984763 -0.0394063 -0.16938
0 148
-1.07999 0.742697 3.76045
-0.997748 0.0354331 -0.0569597
0.0401528 0.995659 -0.0839726
0.0537372 -0.0860706 -0.994839
0 554
-2.57753 -0.507628 -1.17127
-0.982319 0.0857666 0.166413
0.0594612 0.985796 -0.15707
-0.17752 -0.144398 -0.973466
0 29
1.97311 -0.0382029 0.585472
-0.99954 0.0281966 -0.0111895
0.030055 0.970519 -0.239145
0.00411642 -0.239371 -0.97092
0 79
2.24986 -0.0776968 0.278618
-0.993293 0.0451265 -0.106453
0.0725902 0.960017 -0.270365
0.0899961 -0.276279 -0.956855
0 20
0.813239 0.254134 1.813
-0.990004 0.115302 -0.081225
0.131447 0.963062 -0.235019
0.0511265 -0.243346 -0.968591
0 117
-0.432372 0.56543 4.25498
-0.767709 -0.0365969 -0.639753
0.139783 0.964761 -0.222929
0.625368 -0.260571 -0.735539
0 118
-0.484671 0.873541 4.28819
-0.817754 -0.11631 -0.563693
-0.0623077 0.991503 -0.114192
0.572185 -0.0582585 -0.818053
0 114
-0.981682 0.987678 4.43716
0.260112 -0.0393689 -0.964776
-0.228714 0.968222 -0.101173
0.9381 0.246974 0.242842
0 87
1.58087 0.45044 1.30434
-0.994714 0.0156039 0.101495
-0.00457667 0.980669 -0.195622
-0.102586 -0.195052 -0.975413
0 1
-2.04172 -0.0986367 0.331435
0.163463 0.107069 -0.980722
-0.0434775 0.993909 0.101262
0.985591 0.0260867 0.167123
0 24
1.89216 0.238911 1.67683
-0.992599 0.115641 -0.0370636
0.12076 0.972131 -0.200944
0.0127933 -0.203933 -0.978901
0 111
-1.08523 0.415628 3.50139
-0.292898 -0.182838 -0.938499
0.1821 0.952913 -0.242478
0.938643 -0.241922 -0.245812
0 26
1.60284 0.249468 1.68375
-0.9504 0.169861 0.260553
0.0932703 0.954798 -0.282242
-0.296717 -0.243941 -0.923283
0 550
-1.70628 0.134818 -0.728583
0.114257 0.0520411 -0.992087
-0.302542 0.953016 0.0151481
0.946263 0.298418 0.124634
0 103
-1.21495 0.458939 1.70217
-0.986764 0.0252278 0.160187
-0.00151935 0.986343 -0.164698
-0.162154 -0.162761 -0.97325
0 555
-2.32581 -0.169697 -1.05229
-0.885233 -0.0748779 -0.459081
0.100146 0.933132 -0.345306
0.454239 -0.351651 -0.818541
0 9
-1.21792 0.416431 1.11262
-0.288344 -0.0871156 -0.953556
-0.0542148 0.995741 -0.0745757
0.955991 0.0301934 -0.291839
0 89
1.02085 0.103764 1.68943
-0.94709 0.0685056 0.313573
-0.0644433 0.916478 -0.39486
-0.314433 -0.394175 -0.863573
0 94
0.52158 0.440992 1.72209
-0.997163 0.00874014 -0.0747597
0.016878 0.993907 -0.108926
0.0733521 -0.109879 -0.991235
0 25
2.15131 0.302437 1.86452
-0.869446 -0.0268542 -0.493297
0.0434568 0.990494 -0.130514
0.492112 -0.134912 -0.860014
0 536
-1.07502 -0.643564 -2.93316
0.991549 0.129659 -0.00438917
-0.129326 0.985197 -0.112522
-0.0102653 0.112139 0.99364
0 92
0.338925 0.133604 1.69119
-0.972829 0.0692914 0.220915
-0.02195 0.922265 -0.385935
-0.230484 -0.380298 -0.895685
0 123
-0.197365 0.497239 4.01828
-0.981116 0.158869 0.110323
0.112372 0.932438 -0.343413
-0.157427 -0.324531 -0.932682
0 104
-0.914739 0.624893 3.0869
0.0525328 -0.115736 -0.99189
-0.0698645 0.990402 -0.119262
0.996172 0.075563 0.0439428
0 3
-2.07109 0.144148 -0.135656
-0.184986 -0.0501911 -0.981459
0.0175316 0.998367 -0.0543602
0.982585 -0.0272625 -0.183804
0 146
-1.02066 0.763957 3.95752
-0.985487 0.00352563 0.169712
-0.0254265 0.985439 -0.168119
-0.167834 -0.169994 -0.971048
0 17
-0.288718 0.193757 1.65968
-0.981459 0.0909394 -0.168725
0.113305 0.985275 -0.128045
0.154596 -0.144788 -0.977311
0 107
-1.02885 0.24075 2.86896
-0.241395 -0.124884 -0.962358
0.273085 0.942867 -0.190855
0.931211 -0.308877 -0.193499
0 54
0.306358 0.217107 -0.11555
0.957249 -0.00181049 -0.28926
-0.0519646 0.982636 -0.178117
0.28456 0.185533 0.940533
0 44
1.63331 0.270584 -0.14726
0.985782 0.0254668 -0.166087
-0.0584303 0.978715 -0.196732
0.157542 0.20364 0.966287
0 82
1.91491 0.471627 0.910961
-0.925754 0.120341 0.358466
0.0999432 0.992164 -0.0749742
-0.364679 -0.0335814 -0.930527
0 15
0.0789968 0.499242 1.7153
-0.841778 -0.0443257 -0.538001
-0.0179248 0.998369 -0.0542094
0.539527 -0.0359887 -0.841199
0 85
1.93456 0.0448734 1.06669
-0.974718 0.0878899 0.205428
0.00102198 0.921133 -0.389247
-0.223437 -0.379196 -0.897934
0 84
2.16207 0.0635627 1.03708
-0.999682 0.0208775 0.0141736
0.0151096 0.945103 -0.326423
-0.0202105 -0.326105 -0.945117
0 10
-0.798948 0.464348 1.62653
0.0741023 -0.0969384 -0.992528
-0.116495 0.987609 -0.105155
0.990423 0.123417 0.0618911
0 16
0.114599 0.214273 1.80514
-0.899868 0.0272272 -0.435312
0.103272 0.982971 -0.152
0.42376 -0.181735 -0.887356
0 543
-2.32255 -0.339375 -1.51819
0.878302 0.171513 0.446283
-0.0653347 0.967739 -0.243334
-0.47362 0.184564 0.861174
0 168
-1.66896 -0.356375 -0.972603
-0.105187 -0.21022 -0.971979
0.197818 0.953445 -0.227619
0.974579 -0.216217 -0.0587047
0 121
0.193059 0.89557 4.14267
-0.906927 -0.0601533 -0.416972
-0.0923367 0.99407 0.0574282
0.411045 0.0905849 -0.907103
0 546
-2.10443 0.0853133 -1.02679
0.978162 0.158143 -0.134874
-0.200002 0.892751 -0.403726
0.0565626 0.421884 0.904884
0 174
-1.73769 -0.50448 -1.70761
0.146369 -0.12263 -0.9816
0.212142 0.973092 -0.089934
0.966215 -0.195075 0.168446
0 171
-1.71668 -0.298245 -1.45893
-0.33042 -0.148524 -0.932075
0.1117 0.974447 -0.194873
0.937201 -0.168503 -0.305387
0 175
-1.77038 -0.0891123 -1.74459
0.119107 -0.100701 -0.987761
-0.0266384 0.994161 -0.104565
0.992524 0.0387669 0.115729
0 167
-1.70902 -0.403542 -1.22813
-0.393381 -0.154655 -0.906274
0.180764 0.953498 -0.241176
0.90143 -0.258696 -0.347132
0 170
-1.69727 0.0610051 -1.32961
-0.213035 -0.168358 -0.96243
-0.165428 0.977036 -0.134296
0.962938 0.130603 -0.235994
0 172
-1.66485 -0.234513 -1.90495
-0.161577 -0.0554272 -0.985302
0.0119582 0.998238 -0.0581159
0.986788 -0.0211726 -0.16063
0 173
-1.65949 -0.589794 -1.99604
-0.172381 -0.0800695 -0.981771
0.214996 0.969602 -0.116826
0.961281 -0.231215 -0.149926
0 177
-1.57516 -0.0811015 -2.24208
-0.362597 -0.0823674 -0.928299
-0.131671 0.990623 -0.0364661
0.922597 0.109007 -0.370042
0 178
-1.21325 -0.112804 -2.41731
0.0349487 -0.094454 -0.994916
-0.24375 0.964654 -0.100143
0.969208 0.24601 0.0106903
0 179
-1.15055 -0.532635 -2.36751
-0.0409988 -0.0880874 -0.995269
0.161051 0.982499 -0.0935914
0.986094 -0.164126 -0.0260948
0 537
-0.685423 -0.606128 -2.92524
0.937294 0.141393 -0.318571
-0.158352 0.98699 -0.0278412
0.31049 0.0765417 0.94749
0 180
-1.19281 -0.556838 -2.65715
-0.241785 -0.150183 -0.958637
0.222721 0.952983 -0.205471
0.944423 -0.263188 -0.196968
0 534
-1.35939 -0.509594 -4.05071
0.786528 0.0488205 -0.615622
-0.206339 0.960355 -0.187463
0.582064 0.274472 0.765419
0 176
-1.71056 -0.122647 -2.03812
-0.260954 -0.113276 -0.958682
-0.0940696 0.991349 -0.0915305
0.960757 0.0662976 -0.269352
0 538
-0.69884 -0.287254 -2.9266
0.93858 0.105307 -0.3286
-0.208201 0.932246 -0.295923
0.275173 0.346162 0.896912
0 532
-1.79114 -0.509786 -4.08276
0.995905 0.0770081 0.0473671
-0.058872 0.949993 -0.306672
-0.0686147 0.302628 0.950636
0 533
-1.83014 -0.78431 -3.98292
0.996762 0.0547802 -0.0588626
-0.0613266 0.991369 -0.115874
0.0520068 0.119108 0.991518
0 530
-1.29442 -0.872526 -4.83848
0.967146 0.0843206 -0.239833
-0.0997818 0.993594 -0.0530499
0.233823 0.0752379 0.969364
0 531
-1.41107 -0.517676 -4.68784
0.973835 0.0891297 -0.209048
-0.146679 0.949134 -0.278621
0.173581 0.301994 0.937374
0 183
-1.06289 -0.601405 -3.14334
-0.0172112 -0.170563 -0.985196
0.0932298 0.980776 -0.171426
0.995496 -0.0948 -0.000978687
0 181
-1.16725 -0.213339 -2.75722
-0.229571 -0.0679708 -0.970915
-0.0613744 0.996584 -0.0552559
0.971355 0.0469042 -0.232959
0 93
0.623296 0.151119 1.73539
-0.995481 -0.0268127 -0.0910932
0.00129544 0.955383 -0.295368
0.0949485 -0.294151 -0.951031
0 51
0.953621 -0.0405987 -0.110575
0.936581 -0.0464439 -0.347361
0.0582103 0.998027 0.02351
0.345584 -0.042239 0.937437
0 547
-2.48584 -0.167 -0.614528
0.987603 0.116067 0.10568
-0.0897652 0.969901 -0.22635
-0.128771 0.214058 0.968296
0 8
-1.4168 0.00701007 0.83131
-0.50113 -0.0633241 -0.863052
0.155793 0.974422 -0.161957
0.851233 -0.215619 -0.478447
0 535
-1.15956 -0.396038 -3.36221
0.937619 0.0885193 -0.336207
-0.162351 0.966608 -0.198272
0.30743 0.240487 0.920681
0 155
-1.39889 0.445773 1.44188
-0.961576 0.0800807 0.2626
0.0426854 0.98849 -0.14514
-0.2712 -0.128354 -0.953927
0 32
2.19026 0.334243 0.487418
-0.695808 -0.018193 -0.717997
0.0213541 0.998713 -0.0460001
0.71791 -0.0473395 -0.694524
0 529
-1.63634 -0.624718 -5.07295
0.871942 0.141829 0.468617
0.0297799 0.939989 -0.339902
-0.488703 0.31033 0.815392
0 527
-1.31736 -1.02383 -5.70027
0.976262 0.0644894 0.206769
-0.0460062 0.994604 -0.0929894
-0.21165 0.0812694 0.973961
0 528
-0.929851 -1.02535 -5.68574
0.956746 0.103085 -0.272049
-0.105119 0.994434 0.00712854
0.271269 0.0217773 0.962257
0 182
-1.13324 -0.68138 -3.40988
-0.271225 -0.124335 -0.954452
0.172742 0.969233 -0.175348
0.946888 -0.212433 -0.241402
0 187
-0.163283 -0.245196 -3.63567
-0.209318 -0.10225 -0.972487
-0.153457 0.98563 -0.0706016
0.965732 0.134456 -0.222001
0 268
-0.273523 -0.670226 -3.38716
0.107177 -0.0156746 -0.994116
0.0978634 0.995187 -0.00514069
0.989412 -0.0967366 0.108195
0 191
0.788467 -0.546622 -3.70754
-0.245051 0.0580832 -0.967769
0.0643591 0.996977 0.0435396
0.967372 -0.0516153 -0.248048
0 192
1.10417 -0.447188 -3.6627
-0.29607 0.0209822 -0.954936
0.0394691 0.999174 0.00971715
0.95435 -0.0348135 -0.296653
0 196
1.47137 -0.344002 -3.53535
-0.282098 -0.064641 -0.957205
-0.0727132 0.996298 -0.0458516
0.956626 0.0566668 -0.285754
0 193
1.40695 -0.408347 -3.28038
-0.0416158 -0.123653 -0.991452
-0.0636477 0.990625 -0.120879
0.997104 0.0580732 -0.049096
0 242
1.57579 -0.589048 -3.22696
0.0906131 -0.0485644 -0.994701
0.122647 0.991751 -0.0372477
0.988305 -0.118622 0.0958219
0 198
1.18655 -0.598368 -2.68509
-0.212761 -0.0259569 -0.976759
0.255234 0.963464 -0.0811995
0.94318 -0.266578 -0.198363
0 195
1.46678 -0.684634 -3.49324
-0.302764 -0.0791875 -0.94977
0.220891 0.963577 -0.150753
0.927114 -0.255439 -0.274244
0 273
-1.31427 -0.794272 -4.09539
-0.507456 -0.00805019 -0.86164
0.127658 0.988219 -0.0844161
0.852169 -0.152833 -0.50045
0 189
0.364713 -0.233131 -3.71246
-0.170019 -0.10327 -0.980015
-0.138695 0.987102 -0.0799552
0.975632 0.122329 -0.182149
0 190
0.697106 -0.561613 -3.45987
0.0733833 -0.0640869 -0.995243
0.103498 0.993034 -0.0563133
0.991919 -0.0988732 0.0795049
0 266
0.521208 -0.677645 -3.35944
0.870944 0.0871341 -0.483596
-0.0479716 0.994529 0.0927981
0.489036 -0.057623 0.870358
0 269
-0.281616 -0.725831 -3.67956
-0.261192 0.00476186 -0.965275
0.17589 0.983481 -0.0427421
0.949127 -0.180946 -0.257715
0 245
2.04165 -0.439839 -3.53008
-0.286896 -0.0230975 -0.957683
0.0701872 0.996516 -0.0450602
0.955387 -0.0801447 -0.284276
0 244
1.85677 -0.508171 -3.52427
-0.281573 -0.0619227 -0.95754
0.0840892 0.992484 -0.0889097
0.955848 -0.105553 -0.27425
0 272
-1.20413 -0.746967 -3.81552
-0.222354 -0.105247 -0.969269
0.0595189 0.990837 -0.121243
0.973148 -0.0846485 -0.214052
0 241
1.61181 -0.551328 -3.40341
-0.110016 0.0452294 -0.9929
0.0668637 0.997038 0.0380092
0.991678 -0.0622073 -0.112714
0 208
1.42365 -0.659508 -3.29645
-0.969685 0.0430311 -0.240541
0.085936 0.981544 -0.170839
0.22875 -0.186331 -0.955486
0 204
1.42221 -0.427966 -2.9799
-0.987696 0.0261838 -0.154177
0.0522217 0.984514 -0.167346
0.147408 -0.173339 -0.973768
0 232
0.942187 -0.397268 -2.77279
-0.982496 0.0712613 -0.172117
0.0736742 0.997253 -0.00766402
0.171098 -0.0202104 -0.985047
0 235
1.25106 -0.396732 -2.68534
-0.97014 0.0923375 -0.224282
0.11028 0.991516 -0.0688085
0.216025 -0.0914875 -0.972092
0 207
1.28982 -0.103315 -3.31779
-0.97333 -0.0292098 -0.227542
-0.0696803 0.982643 0.17192
0.218571 0.18319 -0.958472
0 228
0.681986 -0.135171 -3.26539
-0.985313 0.103644 -0.13571
0.0939704 0.99268 0.0758654
0.142579 0.0619985 -0.98784
0 206
0.86737 -0.114157 -3.21552
-0.978876 0.116296 0.168156
0.106405 0.992083 -0.0667098
-0.174583 -0.047408 -0.983501
0 230
0.571031 -0.0496109 -2.88324
-0.987059 0.152577 0.0493435
0.159521 0.965661 0.205065
-0.0163608 0.210283 -0.977504
0 234
1.25263 0.0190076 -2.67486
-0.949413 0.0792466 -0.303867
-0.0100697 0.959455 0.281682
0.313869 0.270492 -0.910121
0 231
0.930463 -0.0323023 -2.77114
-0.974295 0.0436654 -0.221003
-0.0201887 0.960163 0.27871
0.224369 0.276007 -0.934601
0 233
0.529708 -0.424103 -2.79247
-0.970247 0.161553 0.180339
0.13122 0.976826 -0.16909
-0.203477 -0.140395 -0.968962
0 226
0.722965 -0.515762 -3.52577
-0.988728 -0.0396744 -0.144367
-0.0259659 0.995078 -0.0956308
0.147451 -0.0908042 -0.984892
0 229
0.605071 -0.0542837 -3.00938
-0.984831 0.132634 -0.111875
0.10988 0.975714 0.189496
0.134291 0.174329 -0.975487
0 186
-0.219131 -0.306387 -3.67502
-0.183658 -0.163307 -0.96933
-0.0242563 0.986556 -0.161613
0.982691 -0.00616918 -0.18515
0 203
1.30869 -0.097651 -3.14607
-0.95773 0.0587475 -0.281607
0.0284141 0.993457 0.110615
0.286262 0.0979381 -0.953133
0 205
0.934516 -0.436833 -3.06274
-0.966831 0.0529153 0.249874
-0.0147342 0.96512 -0.261393
-0.25499 -0.256404 -0.932329
0 243
1.58676 -0.187292 -3.3291
-0.0739784 -0.0956274 -0.992664
-0.206706 0.975245 -0.0785446
0.975602 0.199379 -0.0919139
0 194
1.41965 -0.640881 -3.21306
-0.000865579 -0.0886349 -0.996064
0.232416 0.968771 -0.0864082
0.972616 -0.231576 0.0197616
0 220
1.39982 0.109699 -3.68334
-0.939616 0.175078 -0.294057
0.0477034 0.917851 0.394048
0.338889 0.356226 -0.87078
0 271
-1.17395 -0.714837 -3.78418
-0.283942 -0.080451 -0.95546
0.07152 0.991921 -0.104775
0.95617 -0.0980847 -0.275894
0 267
-0.145745 -0.343981 -3.38662
0.153509 0.0314631 -0.987646
-0.278267 0.96042 -0.0126552
0.948157 0.276772 0.156189
0 227
0.701933 -0.133665 -3.49769
-0.991481 0.0960141 -0.0880213
0.0785603 0.979807 0.183868
0.103898 0.175386 -0.979002
0 188
-0.125707 -0.233306 -3.63402
-0.237406 -0.097554 -0.9665
-0.171452 0.983533 -0.0571588
0.95616 0.152138 -0.250222
0 184
-0.317926 -0.541306 -3.62959
-0.171345 -0.0354818 -0.984572
0.134084 0.989213 -0.0589837
0.976044 -0.142122 -0.164739
0 185
-0.265654 -0.257684 -3.44953
0.122636 -0.119623 -0.985216
-0.0645328 0.989647 -0.128193
0.990352 0.0792998 0.113646
0 275
-1.38484 -0.821284 -4.47755
-0.0159445 -0.116079 -0.993112
0.0577403 0.991474 -0.116814
0.998204 -0.0592052 -0.00910627
0 276
-1.39017 -0.899374 -4.72732
-0.293124 -0.0434339 -0.955087
0.109801 0.990828 -0.0787582
0.949748 -0.127956 -0.285666
0 240
1.46613 -0.532727 -2.42787
-0.0468394 -0.00987238 -0.998854
0.141452 0.989809 -0.0164161
0.988836 -0.142059 -0.0449655
0 197
1.20608 -0.548669 -2.39752
0.0449802 -0.0916286 -0.994777
0.166283 0.98258 -0.0829865
0.985052 -0.161681 0.0594327
0 239
1.50034 -0.462106 -2.19638
0.133296 -0.0446103 -0.990072
0.0139433 0.998972 -0.0431341
0.990978 -0.00805533 0.133781
0 236
1.53296 -0.360469 -2.39643
-0.0982784 -0.00313838 -0.995154
0.0335971 0.999415 -0.00646976
0.994592 -0.0340701 -0.0981155
0 219
0.928741 0.0963025 -3.64794
-0.986266 0.164939 -0.00868702
0.16289 0.980025 0.114091
0.0273314 0.111109 -0.993432
0 223
1.04406 -0.0912834 -3.66013
-0.995853 0.0902431 -0.0115563
0.0869425 0.98137 0.171331
0.0268024 0.169615 -0.985146
0 210
2.02485 -0.63749 -3.71732
-0.987594 0.071433 -0.139837
0.116754 0.929546 -0.349733
0.105003 -0.361721 -0.926354
0 217
1.69373 0.108134 -3.47986
-0.953221 0.269245 0.137391
0.275058 0.961106 0.0248802
-0.125349 0.0615068 -0.990204
0 216
1.68034 0.114153 -3.46359
-0.932459 0.270133 0.239892
0.290359 0.955465 0.0527121
-0.214969 0.118807 -0.969367
0 75
1.83754 0.269858 -0.293349
-0.974179 0.0230374 -0.224598
-0.00166877 0.994019 0.109196
0.225771 0.106751 -0.968314
0 129
0.641682 0.820415 4.47352
0.747485 0.000130713 -0.664279
-0.0767113 0.993327 -0.0861245
0.659835 0.115334 0.742506
0 128
0.609124 0.504879 4.49808
0.802181 -0.108955 -0.587055
0.134084 0.99097 -0.000701249
0.581831 -0.0781523 0.809546
0 133
1.36658 0.498545 4.40644
0.523648 -0.0956728 -0.846546
0.139713 0.989865 -0.0254481
0.840401 -0.104947 0.531707
0 134
1.34072 0.893129 4.37623
0.572257 -0.0790235 -0.816258
-0.089254 0.983432 -0.157782
0.815203 0.163146 0.555723
0 130
1.21892 0.883482 4.4895
0.836707 0.000321835 -0.547651
-0.141823 0.966014 -0.21611
0.528969 0.25849 0.808316
0 132
1.14855 0.557134 4.67082
0.851116 -0.117635 -0.511628
0.0754518 0.991864 -0.102535
0.519527 0.0486664 0.853067
0 131
1.07685 0.938001 4.59168
0.924989 0.0199235 -0.379471
-0.147915 0.938741 -0.311267
0.350023 0.344048 0.871272
0 135
1.73343 0.968257 4.39141
0.263847 -0.124959 -0.956436
-0.248861 0.949183 -0.192664
0.931908 0.288853 0.219342
0 136
1.85414 0.906242 4.48607
0.236212 -0.0899937 -0.967525
-0.199261 0.970056 -0.138877
0.951051 0.225595 0.211207
0 139
1.86532 0.847626 4.14792
-0.273924 -0.101391 -0.956392
-0.077298 0.993531 -0.0831889
0.95864 0.0511398 -0.279989
0 279
-1.14107 -0.962063 -5.32457
0.0239714 -0.0484305 -0.998539
0.133735 0.990004 -0.044806
0.990727 -0.132466 0.0302086
0 280
-1.15012 -1.00232 -5.62788
-0.280519 -0.128533 -0.951204
0.139326 0.975045 -0.172843
0.949683 -0.181013 -0.255611
0 281
-1.12344 -0.628064 -5.70681
-0.26742 -0.0251542 -0.963252
-0.0516309 0.998597 -0.0117434
0.962196 0.0465931 -0.268343
0 329
-0.0167872 -0.990121 -5.93381
-0.338199 -0.103386 -0.935379
0.104724 0.983639 -0.146584
0.93523 -0.147531 -0.321838
0 327
0.056566 -0.57049 -5.92578
-0.489199 -0.0599387 -0.87011
-0.263506 0.961172 0.0819383
0.831414 0.269363 -0.485998
0 277
-1.39417 -0.487569 -4.84094
-0.242755 0.0576801 -0.968371
-0.0573277 0.995633 0.0736751
0.968392 0.0733996 -0.238388
0 285
-0.088279 -1.12191 -6.40844
0.135958 -0.0560437 -0.989128
0.0445855 0.997733 -0.0504029
0.989711 -0.0372482 0.138148
0 287
0.253803 -0.776657 -7.12002
-0.0510448 -0.0139018 -0.9986
-0.111417 0.99374 -0.00813892
0.992462 0.110845 -0.0522742
0 335
-0.952471 -0.835584 -6.9442
-0.49815 -0.0414961 -0.866098
-0.154859 0.987053 0.0417784
0.85315 0.154935 -0.498126
0 282
-0.707666 -0.909852 -5.74863
0.299319 -0.000560045 -0.954153
-0.0820419 0.996281 -0.0263214
0.950619 0.086159 0.29816
0 291
0.414846 -0.915826 -7.34562
-0.251289 0.00260371 -0.967909
-0.0241247 0.999669 0.00895241
0.967611 0.0256002 -0.251143
0 337
-0.955366 -1.16559 -6.45362
0.118645 -0.10826 -0.987018
0.0925346 0.990918 -0.0975644
0.988616 -0.0797577 0.127585
0 522
-0.711476 -0.815202 -6.63356
0.977964 0.0619624 -0.199366
-0.109168 0.965759 -0.235353
0.177957 0.251931 0.951242
0 326
0.529225 -0.500953 -5.83916
-0.785616 0.0110933 -0.618614
-0.17273 0.956153 0.236507
0.594114 0.292657 -0.749253
0 283
-0.581414 -0.89521 -6.30601
-0.313048 0.0300185 -0.949263
0.0477818 0.998732 0.0158253
0.948534 -0.0404034 -0.314086
0 526
-0.710774 -0.74556 -6.56301
0.900901 0.0400366 -0.432175
-0.167066 0.951002 -0.260161
0.400583 0.30658 0.863448
0 289
0.466385 -1.08982 -6.96184
0.152186 0.00515437 -0.988339
-0.0649464 0.997877 -0.00479642
0.986216 0.064919 0.152197
0 328
0.0376646 -0.926174 -5.66339
-0.0742902 -0.164777 -0.983529
0.0608984 0.983664 -0.169399
0.995376 -0.07248 -0.0630419
0 278
-1.20763 -0.471554 -5.44311
-0.14244 0.0133458 -0.989713
-0.286764 0.956469 0.0541685
0.947353 0.29153 -0.132412
0 338
-0.988933 -1.22087 -6.7699
-0.330563 -0.0508276 -0.942415
0.168128 0.979405 -0.111796
0.928688 -0.195402 -0.31521
0 274
-1.50009 -0.391522 -4.79706
-0.408894 0.0107453 -0.912519
-0.22625 0.967519 0.112774
0.884091 0.25257 -0.393182
0 333
0.010426 -1.05713 -6.75137
-0.743643 -0.110229 -0.659428
-0.0293359 0.990745 -0.13253
0.667933 -0.0792099 -0.739994
0 322
0.873063 -0.902216 -5.87861
-0.986042 0.0243163 -0.164712
0.0355508 0.997212 -0.0656061
0.162657 -0.070546 -0.984157
0 292
0.48606 -0.867495 -7.34098
-0.257133 0.00728203 -0.966349
-0.0982214 0.994596 0.0336303
0.961371 0.103564 -0.255028
0 288
0.36608 -0.717277 -7.05826
0.199664 -0.0243447 -0.979562
-0.343818 0.93439 -0.0933024
0.917564 0.35542 0.178194
0 284
-0.165325 -0.832971 -6.43818
0.218655 -0.0798495 -0.97253
-0.155894 0.980987 -0.115594
0.963269 0.176887 0.20205
0 336
-0.949932 -0.737093 -6.565
0.0501616 -0.0574525 -0.997087
-0.353036 0.932873 -0.071513
0.934264 0.355595 0.0265115
0 323
0.899109 -0.573304 -5.88143
-0.993043 0.0287775 -0.11418
-0.00759573 0.952001 0.306001
0.117505 0.304739 -0.945159
0 320
1.46785 -0.617444 -5.92521
-0.971588 0.0245801 -0.235399
-0.00385828 0.992815 0.119594
0.236647 0.117104 -0.964513
0 318
1.07976 -0.631238 -5.92553
-0.985481 0.0797614 0.149884
0.128684 0.926766 0.352909
-0.110759 0.367073 -0.923575
0 317
1.52004 -0.616706 -5.92649
-0.981124 0.10071 -0.165088
0.0400776 0.941048 0.335891
0.189183 0.322934 -0.927321
0 321
0.513612 -0.582846 -5.87409
-0.9709 0.105683 0.214907
0.1435 0.975156 0.168756
-0.191733 0.194684 -0.961944
0 324
0.173277 -0.503187 -5.94596
-0.989483 0.0945308 0.109485
0.128884 0.919786 0.370653
-0.0656642 0.380866 -0.922296
0 331
-0.273623 -0.751311 -6.93375
-0.783216 -0.000398859 -0.62175
-0.0782191 0.992118 0.0978959
0.61681 0.125306 -0.777074
0 330
-0.0264674 -0.671551 -5.97352
-0.310753 0.0208832 -0.950261
-0.0518394 0.997898 0.0388825
0.949076 0.0613437 -0.309017
0 332
-0.00508094 -1.05812 -6.73561
-0.710758 -0.105569 -0.69547
-0.0355887 0.992805 -0.114332
0.702536 -0.0565117 -0.709401
0 294
1.27747 -0.784768 -7.33915
-0.18031 0.00306626 -0.983605
-0.156126 0.987228 0.0316979
0.97114 0.159282 -0.177529
0 293
1.23703 -1.18208 -7.32626
-0.144345 0.0330999 -0.988974
0.166776 0.985957 0.00865717
0.975372 -0.163687 -0.147838
0 316
1.7984 -0.562852 -5.93388
-0.909434 0.00294426 -0.415838
-0.167341 0.912846 0.372436
0.380693 0.408292 -0.829681
0 315
1.96914 -0.554864 -5.97384
-0.971288 0.0328662 -0.235625
-0.0479966 0.942976 0.329382
0.233014 0.331234 -0.914324
0 314
1.65116 -0.939262 -5.75462
-0.903811 0.159196 0.397217
0.0433669 0.957522 -0.28508
-0.425728 -0.240432 -0.872323
0 313
1.95151 -0.924155 -5.92432
-0.993386 0.0447328 0.105749
0.0302785 0.990446 -0.134537
-0.110757 -0.130445 -0.98525
0 523
-0.67627 -1.04682 -6.46368
0.955666 0.0822929 -0.282718
-0.0935599 0.995259 -0.026561
0.279192 0.0518346 0.958835
0 325
0.110507 -0.791688 -6.09449
-0.990733 0.0905336 0.101253
0.100982 0.989508 0.103325
-0.0908363 0.112593 -0.989481
0 286
-0.0221676 -1.17903 -6.79064
-0.266156 0.00804286 -0.963896
0.187228 0.981352 -0.04351
0.945572 -0.192049 -0.262699
0 290
0.385797 -1.28795 -7.25083
-0.129232 0.0290949 -0.991188
0.238995 0.971017 -0.00265752
0.962383 -0.237232 -0.13244
0 334
-0.215223 -0.774703 -6.87019
-0.775374 -0.0679515 -0.627836
-0.176107 0.97802 0.111639
0.60645 0.197129 -0.770298
0 319
1.64277 -0.937168 -5.92463
-0.93845 -0.062198 -0.33977
-0.0345046 0.995615 -0.0869541
0.343688 -0.0698784 -0.93648
0 524
-1.16272 -0.99929 -6.50804
0.963514 0.0431645 0.264156
-0.0105056 0.992249 -0.123819
-0.267453 0.116526 0.956499
0 295
1.71938 -0.733611 -7.38868
-0.0770752 0.0493297 -0.995804
-0.182127 0.981273 0.0627065
0.98025 0.186196 -0.0666476
0 296
1.91169 -0.746798 -7.38045
-0.0211273 0.0613697 -0.997892
-0.217506 0.973925 0.0645008
0.97583 0.21841 -0.00722816
0 297
1.9364 -0.723969 -7.0835
0.268494 -0.00245869 -0.963278
-0.265088 0.961197 -0.0763412
0.926088 0.275851 0.257424
0 525
-1.13936 -0.742315 -6.59307
0.97294 0.0713966 0.219751
0.0105251 0.936381 -0.350827
-0.230819 0.343647 0.910291
0 518
-1.1182 -1.0233 -7.45219
0.914272 0.190935 0.357282
-0.103417 0.962743 -0.24986
-0.391678 0.191491 0.899955
0 519
-1.33649 -1.33539 -7.26481
0.847808 0.191963 0.49434
-0.199814 0.979115 -0.0375259
-0.491219 -0.0669612 0.868458
0 298
1.99926 -1.13215 -7.01529
0.241673 0.0178779 -0.970193
0.0574889 0.99781 0.0327071
0.968653 -0.0636797 0.240116
0 300
2.34826 -0.780865 -7.24461
-0.0519758 0.0264684 -0.998298
-0.123568 0.991796 0.0327295
0.990974 0.125059 -0.0482789
0 299
2.07322 -1.15639 -7.28284
-0.107185 0.0706618 -0.991725
0.174733 0.983285 0.0511754
0.978764 -0.167802 -0.11774
0 521
-1.47936 -0.967323 -7.47853
0.65154 0.15755 0.742074
0.0388822 0.969976 -0.240074
-0.757618 0.185271 0.625852
0 520
-1.51977 -1.31138 -7.48412
0.591253 0.117177 0.797929
-0.104394 0.992185 -0.0683493
-0.799701 -0.0428869 0.598864
0 209
0.859655 -0.633948 -3.46171
-0.935808 0.201565 0.289196
0.0855128 0.925694 -0.368482
-0.34198 -0.320099 -0.883508
0 138
1.85533 0.428933 4.22922
-0.277293 -0.139907 -0.950545
0.24919 0.945014 -0.211787
0.927908 -0.295593 -0.227182
0 218
1.52508 -0.0157629 -3.54797
-0.970537 0.182425 0.157416
0.166984 0.980202 -0.106399
-0.173709 -0.0769786 -0.981784
0 221
1.34726 -0.378673 -3.64988
-0.984273 0.0140374 -0.176093
0.00487237 0.998616 0.0523713
0.176584 0.0506897 -0.982979
0 222
1.03665 -0.430555 -3.62412
-0.996197 0.0583005 0.0647464
0.0560933 0.997798 -0.0354019
-0.0666677 -0.0316354 -0.997274
0 77
1.48078 -0.173516 -0.142079
-0.951156 0.111776 0.287765
-0.00850463 0.922309 -0.386361
-0.308594 -0.369937 -0.876309
0 225
0.34082 -0.507413 -3.51685
-0.996975 0.0142597 0.0764096
0.00392215 0.991005 -0.133768
-0.0776297 -0.133064 -0.988063
0 237
1.45379 0.00878108 -2.45959
0.0530539 -0.0333021 -0.998036
-0.331693 0.94211 -0.0490682
0.941894 0.333645 0.0389364
0 238
1.38484 0.0367802 -2.24186
0.379814 0.0114827 -0.924992
-0.360612 0.922656 -0.136618
0.85188 0.385453 0.354578
0 76
1.88283 -0.152798 -0.195614
-0.99482 -0.00580618 -0.101491
0.0269961 0.947431 -0.318819
0.0980067 -0.319907 -0.942366
0 137
1.94168 0.53041 4.60984
0.167081 -0.173824 -0.9705
0.128623 0.979767 -0.153341
0.977517 -0.0992084 0.186058
0 200
1.19989 -0.462077 -2.61457
0.955046 0.0178391 -0.295921
0.000562027 0.998077 0.0619814
0.296458 -0.0593614 0.953199
0 66
0.0377213 0.0503233 -0.435993
-0.782736 0.00715565 -0.622312
0.0646682 0.995456 -0.0698926
0.618984 -0.0949513 -0.779643
0 215
1.90197 0.147853 -3.56852
-0.97399 0.0909887 0.207519
0.135358 0.968106 0.210828
-0.181717 0.233433 -0.955242
0 246
2.52834 -0.310366 -3.22078
0.309046 -0.109221 -0.944755
-0.163547 0.972482 -0.165926
0.936879 0.205791 0.282679
0 67
-0.00220604 -0.23433 -0.366638
-0.865332 -0.00271526 -0.501193
